0 1006 989 883 933 1131 758 994 850 836 1211 920 988 623 1006 0 1159 1035 1094 1326 889 1165 996 980 1420 1079 1159 731 989 1159 0 1018 1075 1303 873 1145 979 963 1396 1060 1139 718 883 1035 1018 0 960 1164 780 1023 874 860 1247 947 1017 641 933 1094 1075 960 0 1230 824 1081 924 909 1317 1000 1075 678 1131 1326 1303 1164 1230 0 999 1310 1120 1102 1596 1213 1303 821 758 889 873 780 824 999 0 878 750 738 1070 813 873 550 994 1165 1145 1023 1081 1310 878 0 984 968 1403 1066 1145 722 850 996 979 874 924 1120 750 984 0 828 1199 911 979 617 836 980 963 860 909 1102 738 968 828 0 1180 896 963 607 1211 1420 1396 1247 1317 1596 1070 1403 1199 1180 0 1299 1395 879 920 1079 1060 947 1000 1213 813 1066 911 896 1299 0 1060 668 988 1159 1139 1017 1075 1303 873 1145 979 963 1395 1060 0 718 623 731 718 641 678 821 550 722 617 607 879 668 718 0
