0 1836 1399 712 886 632 1771 764 1064 1526 827 960 1254 784 860 1615 1605 819 796 986 932 699 800 1836 0 2243 1143 1421 1013 2841 1225 1706 2447 1326 1540 2011 1257 1379 2591 2574 1313 1276 1581 1495 1121 1283 1399 2243 0 871 1083 772 2165 934 1300 1865 1011 1174 1533 958 1051 1974 1961 1000 972 1205 1139 854 978 712 1143 871 0 551 393 1103 476 662 950 515 598 781 488 535 1006 999 509 495 614 580 435 498 886 1421 1083 551 0 489 1371 591 823 1181 640 743 971 607 665 1250 1242 633 616 763 721 541 619 632 1013 772 393 489 0 978 422 587 842 457 530 692 433 475 892 886 452 439 544 515 386 442 1771 2841 2165 1103 1371 978 0 1182 1646 2361 1280 1486 1941 1213 1331 2500 2484 1267 1231 1526 1442 1082 1238 764 1225 934 476 591 422 1182 0 710 1019 552 641 837 523 574 1078 1071 546 531 658 622 467 534 1064 1706 1300 662 823 587 1646 710 0 1418 769 893 1166 728 799 1501 1492 761 739 916 866 650 744 1526 2447 1865 950 1181 842 2361 1019 1418 0 1103 1280 1672 1045 1146 2154 2140 1091 1061 1314 1243 932 1067 827 1326 1011 515 640 457 1280 552 769 1103 0 694 906 566 621 1167 1160 591 575 712 674 505 578 960 1540 1174 598 743 530 1486 641 893 1280 694 0 1052 658 721 1355 1347 687 668 827 782 587 671 1254 2011 1533 781 971 692 1941 837 1166 1672 906 1052 0 859 942 1770 1759 897 872 1080 1021 766 877 784 1257 958 488 607 433 1213 523 728 1045 566 658 859 0 589 1106 1099 560 545 675 638 479 548 860 1379 1051 535 665 475 1331 574 799 1146 621 721 942 589 0 1214 1206 615 598 741 700 525 601 1615 2591 1974 1006 1250 892 2500 1078 1501 2154 1167 1355 1770 1106 1214 0 2265 1155 1123 1391 1316 987 1129 1605 2574 1961 999 1242 886 2484 1071 1492 2140 1160 1347 1759 1099 1206 2265 0 1148 1116 1382 1307 980 1122 819 1313 1000 509 633 452 1267 546 761 1091 591 687 897 560 615 1155 1148 0 569 705 667 500 572 796 1276 972 495 616 439 1231 531 739 1061 575 668 872 545 598 1123 1116 569 0 685 648 486 556 986 1581 1205 614 763 544 1526 658 916 1314 712 827 1080 675 741 1391 1382 705 685 0 803 602 689 932 1495 1139 580 721 515 1442 622 866 1243 674 782 1021 638 700 1316 1307 667 648 803 0 569 652 699 1121 854 435 541 386 1082 467 650 932 505 587 766 479 525 987 980 500 486 602 569 0 489 800 1283 978 498 619 442 1238 534 744 1067 578 671 877 548 601 1129 1122 572 556 689 652 489 0
