0 1295 1962 1317 1690 1120 1466 1402 1191 1547 1460 1268 1402 1270 964 1151 1328 1413 1287 1367 1707 754 1373 1312 841 742 1778 2365 1359 1052 1357 3625 4163 2119 1624 1438 1417 1132 1146 1175 1449 1255 1690 1295 0 1115 748 960 636 833 797 677 879 829 720 796 722 548 654 754 803 731 777 970 428 780 745 478 422 1010 1344 772 598 771 2059 2365 1204 923 817 805 643 651 668 823 713 960 1962 1115 0 1133 1455 964 1262 1207 1025 1332 1257 1091 1207 1093 830 991 1143 1216 1108 1177 1469 649 1182 1129 724 639 1530 2036 1170 905 1168 3120 3584 1824 1398 1238 1220 974 986 1012 1247 1081 1455 1317 748 1133 0 976 647 847 810 688 894 843 732 810 734 557 665 767 816 744 790 986 436 793 758 486 429 1027 1366 785 608 784 2094 2405 1224 938 831 819 654 662 679 837 725 977 1690 960 1455 976 0 830 1087 1040 883 1147 1082 940 1039 942 715 854 985 1048 954 1014 1266 559 1018 973 623 550 1318 1754 1007 780 1006 2688 3087 1572 1204 1066 1051 839 850 872 1074 931 1253 1120 636 964 647 830 0 721 689 585 760 717 623 689 624 474 566 653 694 633 672 839 371 675 645 413 365 874 1162 668 517 667 1781 2046 1041 798 707 696 556 563 578 712 617 831 1466 833 1262 847 1087 721 0 902 766 995 939 816 902 817 620 741 854 909 828 879 1098 485 883 844 541 477 1144 1521 874 677 873 2332 2678 1363 1045 925 912 728 737 756 932 808 1087 1402 797 1207 810 1040 689 902 0 733 952 898 780 862 781 593 708 817 869 792 841 1050 464 845 807 517 456 1094 1455 836 647 835 2230 2561 1304 999 885 872 696 705 723 891 772 1040 1191 677 1025 688 883 585 766 733 0 808 763 662 732 664 504 601 694 738 673 714 892 394 717 685 439 388 929 1236 710 550 709 1894 2175 1107 848 751 740 591 599 614 757 656 883 1547 879 1332 894 1147 760 995 952 808 0 991 861 951 862 654 781 901 959 874 928 1158 512 932 891 571 504 1207 1605 922 714 921 2460 2826 1439 1102 976 962 768 778 798 983 852 1147 1460 829 1257 843 1082 717 939 898 763 991 0 812 898 814 618 737 851 905 824 875 1093 483 879 840 539 475 1139 1515 870 674 869 2322 2667 1357 1040 921 908 725 734 753 928 804 1083 1268 720 1091 732 940 623 816 780 662 861 812 0 780 707 536 640 739 786 716 760 949 419 764 730 468 413 989 1316 756 585 755 2016 2316 1179 903 800 788 630 637 654 806 698 940 1402 796 1207 810 1039 689 902 862 732 951 898 780 0 781 593 708 817 869 792 841 1050 464 844 807 517 456 1093 1454 836 647 835 2229 2560 1303 999 884 872 696 705 723 891 772 1040 1270 722 1093 734 942 624 817 781 664 862 814 707 781 0 537 641 740 788 717 762 951 420 765 731 469 414 991 1318 757 586 756 2020 2320 1181 905 801 790 631 638 655 807 700 942 964 548 830 557 715 474 620 593 504 654 618 536 593 537 0 487 562 598 545 578 722 319 581 555 356 314 752 1000 575 445 574 1533 1761 897 687 608 600 479 485 497 613 531 715 1151 654 991 665 854 566 741 708 601 781 737 640 708 641 487 0 671 714 650 690 862 381 693 663 425 375 898 1194 686 531 685 1831 2103 1070 820 726 716 572 579 594 732 634 854 1328 754 1143 767 985 653 854 817 694 901 851 739 817 740 562 671 0 823 750 796 994 439 800 764 490 432 1036 1378 792 613 791 2112 2426 1235 946 838 826 659 668 685 844 731 985 1413 803 1216 816 1048 694 909 869 738 959 905 786 869 788 598 714 823 0 798 848 1058 468 851 814 521 460 1102 1466 842 652 841 2247 2581 1314 1007 892 879 702 710 729 898 778 1048 1287 731 1108 744 954 633 828 792 673 874 824 716 792 717 545 650 750 798 0 772 964 426 775 741 475 419 1004 1336 767 594 766 2047 2351 1197 917 812 800 639 647 664 818 709 955 1367 777 1177 790 1014 672 879 841 714 928 875 760 841 762 578 690 796 848 772 0 1024 452 823 787 504 445 1066 1418 815 631 814 2174 2497 1271 974 862 850 679 687 705 869 753 1014 1707 970 1469 986 1266 839 1098 1050 892 1158 1093 949 1050 951 722 862 994 1058 964 1024 0 565 1028 982 630 556 1331 1771 1017 788 1016 2714 3118 1587 1216 1077 1061 847 858 880 1085 940 1266 754 428 649 436 559 371 485 464 394 512 483 419 464 420 319 381 439 468 426 452 565 0 454 434 278 246 588 782 450 348 449 1199 1377 701 537 476 469 374 379 389 479 415 559 1373 780 1182 793 1018 675 883 845 717 932 879 764 844 765 581 693 800 851 775 823 1028 454 0 790 507 447 1071 1425 819 634 818 2184 2508 1277 978 866 854 682 690 708 873 756 1018 1312 745 1129 758 973 645 844 807 685 891 840 730 807 731 555 663 764 814 741 787 982 434 790 0 484 427 1023 1361 782 605 781 2087 2397 1220 935 828 816 651 660 677 834 723 973 841 478 724 486 623 413 541 517 439 571 539 468 517 469 356 425 490 521 475 504 630 278 507 484 0 274 656 872 501 388 501 1337 1536 782 599 530 523 417 423 434 534 463 624 742 422 639 429 550 365 477 456 388 504 475 413 456 414 314 375 432 460 419 445 556 246 447 427 274 0 579 770 442 342 442 1180 1355 690 529 468 461 368 373 383 472 409 550 1778 1010 1530 1027 1318 874 1144 1094 929 1207 1139 989 1093 991 752 898 1036 1102 1004 1066 1331 588 1071 1023 656 579 0 1844 1060 820 1058 2827 3247 1653 1267 1121 1105 883 894 917 1130 979 1318 2365 1344 2036 1366 1754 1162 1521 1455 1236 1605 1515 1316 1454 1318 1000 1194 1378 1466 1336 1418 1771 782 1425 1361 872 770 1844 0 1410 1091 1408 3761 4320 2199 1685 1492 1470 1174 1189 1220 1503 1303 1754 1359 772 1170 785 1007 668 874 836 710 922 870 756 836 757 575 686 792 842 767 815 1017 450 819 782 501 442 1060 1410 0 627 809 2161 2482 1263 968 857 845 675 683 701 864 748 1008 1052 598 905 608 780 517 677 647 550 714 674 585 647 586 445 531 613 652 594 631 788 348 634 605 388 342 820 1091 627 0 626 1673 1921 978 749 664 654 522 529 542 669 579 780 1357 771 1168 784 1006 667 873 835 709 921 869 755 835 756 574 685 791 841 766 814 1016 449 818 781 501 442 1058 1408 809 626 0 2158 2479 1262 967 856 844 674 682 700 863 747 1006 3625 2059 3120 2094 2688 1781 2332 2230 1894 2460 2322 2016 2229 2020 1533 1831 2112 2247 2047 2174 2714 1199 2184 2087 1337 1180 2827 3761 2161 1673 2158 0 6621 3371 2583 2287 2254 1800 1822 1869 2304 1997 2688 4163 2365 3584 2405 3087 2046 2678 2561 2175 2826 2667 2316 2560 2320 1761 2103 2426 2581 2351 2497 3118 1377 2508 2397 1536 1355 3247 4320 2482 1921 2479 6621 0 3871 2966 2626 2589 2067 2093 2147 2646 2293 3088 2119 1204 1824 1224 1572 1041 1363 1304 1107 1439 1357 1179 1303 1181 897 1070 1235 1314 1197 1271 1587 701 1277 1220 782 690 1653 2199 1263 978 1262 3371 3871 0 1510 1337 1318 1052 1065 1093 1347 1167 1572 1624 923 1398 938 1204 798 1045 999 848 1102 1040 903 999 905 687 820 946 1007 917 974 1216 537 978 935 599 529 1267 1685 968 749 967 2583 2966 1510 0 1024 1010 806 816 837 1032 894 1204 1438 817 1238 831 1066 707 925 885 751 976 921 800 884 801 608 726 838 892 812 862 1077 476 866 828 530 468 1121 1492 857 664 856 2287 2626 1337 1024 0 894 714 723 741 914 792 1066 1417 805 1220 819 1051 696 912 872 740 962 908 788 872 790 600 716 826 879 800 850 1061 469 854 816 523 461 1105 1470 845 654 844 2254 2589 1318 1010 894 0 704 712 731 901 781 1051 1132 643 974 654 839 556 728 696 591 768 725 630 696 631 479 572 659 702 639 679 847 374 682 651 417 368 883 1174 675 522 674 1800 2067 1052 806 714 704 0 569 584 719 623 839 1146 651 986 662 850 563 737 705 599 778 734 637 705 638 485 579 668 710 647 687 858 379 690 660 423 373 894 1189 683 529 682 1822 2093 1065 816 723 712 569 0 591 728 631 850 1175 668 1012 679 872 578 756 723 614 798 753 654 723 655 497 594 685 729 664 705 880 389 708 677 434 383 917 1220 701 542 700 1869 2147 1093 837 741 731 584 591 0 747 647 872 1449 823 1247 837 1074 712 932 891 757 983 928 806 891 807 613 732 844 898 818 869 1085 479 873 834 534 472 1130 1503 864 669 863 2304 2646 1347 1032 914 901 719 728 747 0 798 1075 1255 713 1081 725 931 617 808 772 656 852 804 698 772 700 531 634 731 778 709 753 940 415 756 723 463 409 979 1303 748 579 747 1997 2293 1167 894 792 781 623 631 647 798 0 931 1690 960 1455 977 1253 831 1087 1040 883 1147 1083 940 1040 942 715 854 985 1048 955 1014 1266 559 1018 973 624 550 1318 1754 1008 780 1006 2688 3088 1572 1204 1066 1051 839 850 872 1075 931 0
